
p1 80 2 0 herpderp 1 0 Infinity
p1 170 4 0 0.8 1 0 0.8
p1 160 4 0 0.8 1 0 0.8
p1 570 9 1 1.8 1 0 0.75
p1 90 2 0 0.4 1 0 1.0
p1 90 2 0 0.4 1 0 2.0%
p1 2570 25 3 5.0 3 0 0.20161290322580644%
p1 0 0 0 0.0 1 0 NaN%
p1 0 0 0 0.0 1 0 NaN%
p1 180 4 0 0.8 1 0 0.4%
p1 140 3 0 0.6 1 0 Infinity%
p1 0 0 0 0.0 1 0 0.0%
p1 0 0 0 0.0 1 0 0.0%
p1 8830 78 19 15.6 6 3 0.29770992366412213%
p1 690 9 0 1.8 1 0 0.19148936170212766%
p1 1880 12 5 2.4 2 0 0.08955223880597014%
p1 140 3 0 0.6 1 0 Infinity%
p1 90 2 0 0.4 1 0 Infinity%
p1 90 2 0 0.4 1 0 Infinity%
p1 80 2 0 0.4 1 0 Infinity%
p1 80 2 0 0.4 1 0 Infinity%
p1 80 2 0 0.4 1 0 Infinity%
